444
175 246 248 325
3 40 78 196 211
148 157 326 374
1 181 211
252 278 287
76 101 294
152 293 299 388
20 234 275
61 118 197
192 270 272 290 426
96 278 414
54 176 230 264
84 187 245 323
97 170 254
89 209 372 376
165 218 298 362
113 195 240
60 149 180 305
202 277 288 331 352
27 155 208 343
7 297 339
69 237 374
125 135 198 300 307 368
78 220 404
49 167 216 406
168 247 249 325
151 250 419
19 138 343 362
150 203 440
34 94 371
233 273 411
166 291 292 317
113 303 388
91 124 345 409
29 67 110 286 371
39 93 207 382
99 204 403 435
45 103 162 429
59 104 285
35 92 260 384 425
1 173 403
193 223 437
56 207 214 255
48 82 98 145 177
104 289 385
37 60 162
163 190 272 309 364
254 336 365 381
43 177 375
24 216 274
171 219 268
68 98 276 424
155 431 434
100 162 379
11 113 147 176 430
337 338 422
42 115 134 207 214
138 373 392
129 173 242 257 318 361 435
38 285 385
17 45 97
8 71 369
290 346 401
108 242 360 361 402
137 253 397 442
306 376 432
88 121 146 229 423 427
34 74 136 413
51 177 357
21 93 283
172 228 249
61 86 111 314 382
91 198 269 387
341 398 435
67 159 335
165 284 332 356
5 210 266 294
94 161 251 374 397
1 23 203 211
132 188 205 236 267
231 405 407
156 291 354
43 145 227 279
166 256 304 422
12 152 225
120 315 386 400
71 111 433
142 201 399
66 121 329 427
14 184 235 348 367 372 443
107 350 420
33 72 390
39 237 326 428
35 69 197
29 77 251
285 372 395
10 164 166 414
13 60 323
43 51 227 424
36 204 403
53 302 379
5 195 312
116 297 344
37 239 429
38 44 127 285
127 221 322 328 395
130 140 329
90 238 420
63 360 402
147 250 256
34 183 342
71 86 314
311 363 442
16 32 54 303 312
204 244 257 412
56 273 441
102 275 415
179 195 316 333
8 353 369
215 263 373 392
85 125 386
66 88 146 310
171 268 271
213 286 371 424
33 261 416
22 120 135 300 368
156 180 258 293 339
104 105 358
255 265 283 441
58 173 435
106 160 201
228 232 244 247 249 318
79 135 188
153 199 212 274
56 183 207
22 125 132
67 396 420
64 249 442
27 57 392
231 261 264 405
106 171 219
191 417 436
87 259 310 330
200 265 324 342
202 321 410
43 82 375 411
66 121 178 229
54 109 250
2 398 438
17 180 239
28 203 207 440
26 167 217 250
6 84 225 254
133 199 212 278
295 300 380
19 52 208 281 434
81 126 185 258 293 354
2 237 428
192 333 377 401
74 311 335
130 201 289
77 183 251
37 45 53
46 272 357
96 317 414
15 75 169 284 298
31 83 96 256
24 151 437
25 249 421
165 322 328
13 241 254 349
50 122 140 298 327
70 178 246
40 58 129 403
344 366 430
0 325 373
11 54 193
43 48 68
146 172 246 421
117 195 316 419
17 126 149 239
3 367 443
292 317 405 407
110 134 161
89 306 360
156 302 305
195 259 377
12 240 245 355 359
79 132 400
221 322 356
46 270 272
141 248 370 417 436
9 158 236 270 340 377 408 426
41 176 256 292
208 280 343
16 101 117 179 186
1 378 384
8 93 382
22 72 269 307
133 153 212 389 394
143 286 324 342
87 130 160 399
18 144 331
28 78 150 440
36 99 114 412
79 267 282
316 346 393
35 42 56 134 150
19 155 194 271 343
14 219 327 328
76 294 375
1 3 78 440
133 153 199 278
123 364 371 424
42 56 359
119 301 319 373
24 49 274 406
151 226 302
15 271 280 295
50 140 209 289
23 355 359 404 433
105 189 358
353 369 404
41 256 320 337
380 409 410
84 152 293 305
217 252 383
82 98 279
70 131 318
66 146 418 423 436
11 297 388
80 139 439
131 243 244 301 319
30 241 262 273
7 275 299 336
89 348 385
79 192 270
21 92 157 326
107 330 408
103 149 180 258 429
16 187 399
170 233 254
58 63 361
232 244 402
114 131 232 243
12 187 379
0 172 178 421
25 131 249
0 191 281 370
25 70 131 137 168 247
26 109 147 151
77 94 161
4 226 287 383
64 374 397
13 47 152 170 241
42 128 283
83 109 166 193 223
58 114 435
126 156 239 354
142 186 330
39 382 425
124 139 416
233 349 441
119 306 402
11 139 344 405
128 143 283
76 357 393
79 205 269 282
50 122 277
72 198 267
9 190 192 236 426
122 208 218
9 46 163 190 357
30 115 233 308
49 133 216
7 116 234
51 286 424
18 268 284
4 10 153 212 287
82 227 324
194 218 295
155 248 370
205 267 340 390
69 128 255 265
75 165 277 331
38 59 95 104 395
34 123 200 276
4 252 278
18 321 337 352
44 160 219 406
9 62 393
31 81 383
31 182 193 317 407
6 126 156 225 305
5 76 210 415
154 218 280 331
320 347 351
20 102 230 344
15 165 171
6 234 336
22 125 154
215 232 319
100 185 217
32 113 312
83 389 394 422
17 185 225 293 323
65 184 263
22 198 380 409
273 324 441
46 350 364
121 142 329
112 159 442
101 113 303
346 366 416
71 111 349
85 386 400 431
117 179 206 334
31 164 182 292
58 131 228
215 232 301
223 296 347 422
144 288 351 410
105 169 189
12 97 305 379
143 200 279 308
0 25 175
2 92 237
171 209 362
105 169 209
88 106 310 330
142 238 259 329
18 202 284 295
75 338 352 356
117 158 377
316 387 416 430
74 159 391
47 234 299 381
55 223 288
55 332 352
20 126 388
192 282 401
73 378 398 428
110 143 200
19 27 194 208
102 174 264 297
33 410 439
62 206 313 401
296 320 351
89 235 385
170 262 314
90 309 364 420
296 321 347 439
18 288 332 338
118 222 425
81 156 258
187 220 359 433
75 189 332 358
68 163 266 272
127 221 356
187 214 220 355
63 108 184
58 63 242
15 27 327
112 418 421
46 213 309 350
47 381 411
174 313 416
89 181 443
22 125 386
61 118 222
191 248 281
29 34 123 213
14 89 95 385
57 119 175 215
2 21 77 253
48 145 210
14 65 432 443
158 186 192 333 408
196 341 384 428
53 100 245 323
154 224 307
47 336 365
35 71 197 260
226 252 291
39 196 378 425
44 59 235 348 372
85 120 315 368 434
72 334 416
6 32 230 339
199 304 394
91 282 401
335 413 423
57 119 138 432
206 266 290 415
199 304 389
95 105 285
136 413 420 427
64 77 253
73 148 341 438
87 201 240
85 188 315
62 158 340 346 390
63 108 243 263
36 40 99 173
23 220 222
80 139 182 264
24 216 289
80 182 292
192 238 377
33 224 307
144 224 321 345
30 145 365
114 204 438
67 391 396
10 96 164
116 294 393
124 261 313 334 366 387
141 191 431
229 363 421
26 179 437
90 107 136 350 396
168 178 246 363 418
55 83 304 320
66 229 391
51 98 123 213 276
39 260 353 384
9 192 270
66 88 396
92 157 341 378
37 103 239
54 174 334
52 315 417
65 376 392 443
86 220 355
52 155 386
36 58 73 129 257
141 191 229
41 167 419
148 398 412
231 345 351
28 150 203 211
115 128 262 308
64 112 137 311
89 181 367 376 432
