444
175 246 248 325 370
3 40 78 196 211 384
148 157 326 374
1 78 181 211
212 252 278 287
76 101 210 294
152 293 299 388
20 102 234 275 297
61 118 197 260 369
163 192 270 272 290 426
96 153 278 414
54 176 230 264
84 100 187 245 323
97 152 170 254
89 209 327 372 376
165 218 298 343 362
84 113 195 240 399
60 97 149 180 305
202 277 288 331 332 352
27 155 208 281 343
7 234 297 339
69 157 161 237 374
125 135 198 269 300 307 368
78 203 220 404
49 167 216 223 406
168 247 249 325
113 151 167 250 419 437
19 138 343 362
150 172 203 440
34 74 94 371
82 233 273 411
166 291 292 317 414
113 225 303 388
91 124 345 409
29 67 110 286 371
39 92 93 207 326 382
73 99 204 257 318 403 435
45 53 103 162 429
59 104 285 385
35 92 260 384 425
1 129 173 196 403
193 223 256 296 437
56 207 214 255 283 382
48 68 82 98 145 177 227
104 235 289 385
37 60 149 162
163 190 272 309 357 364 426
241 254 336 365 381
43 76 177 375
24 216 274 406
171 219 268 328
68 98 276 424
155 191 431 434
37 100 162 379
11 113 147 176 430
288 337 338 422
42 115 134 207 214
138 281 373 392
129 173 242 257 318 361 435
38 95 104 285 385
17 45 97 149
8 71 111 118 197 369
290 313 340 346 401
108 242 360 361 402
137 253 311 397 442
306 376 392 432
88 121 146 229 423 427
34 74 136 371 413
43 51 177 357
21 93 183 283
99 172 228 249
61 86 111 214 255 314 382 433
91 124 198 269 387 390
36 341 398 435
29 67 159 335 391 413
165 284 332 356
5 48 210 266 294 393
94 161 251 374 397
1 3 23 203 211
132 188 205 236 267
139 231 405 407
156 185 291 354
30 43 145 227 279
166 256 274 304 422
12 16 152 225 240
120 315 386 400
71 111 314 349 433
142 201 240 399
66 121 136 329 427
14 184 235 348 367 372 376 385 443
107 350 420 427
33 72 390 409
35 39 237 326 428
35 69 197 382
29 77 159 251
59 285 372 395
10 164 166 414
13 17 60 323
43 51 227 424
36 70 204 403
12 53 302 379
5 195 303 312
7 116 297 344
37 239 252 429
38 44 59 127 285
127 189 221 322 328 395
130 140 201 329
90 238 408 420
63 306 360 361 402
147 250 256 383
34 183 200 251 342
61 71 86 314
159 311 363 442
16 26 32 54 303 312
204 244 257 412
56 273 308 441
102 275 294 415
142 179 186 195 316 333
8 61 222 353 369
215 263 301 373 392
85 125 280 386
66 88 146 310
171 268 271 277
213 276 286 371 424
33 72 261 345 387 416 439
22 120 135 300 368
156 180 258 293 339
104 105 221 358
255 265 283 308 441
40 58 173 435
106 140 160 201
228 232 244 247 249 318 319
79 135 188 315
153 199 212 274
56 150 183 207
22 125 132 205
67 88 396 420
64 247 249 253 412 442
27 57 392 432
80 174 231 261 264 405
106 130 171 219 327
191 229 417 431 436
87 117 259 310 330
200 265 324 342
202 224 321 410
43 82 365 375 411
66 121 178 229 418 423
54 109 250 291
2 374 398 438
17 45 60 180 239 429
28 134 203 207 440
26 167 217 250 302
6 13 84 225 254 299
10 133 199 212 278 394
202 295 300 380
19 52 208 281 343 434
81 126 185 258 293 354
2 21 237 428
192 333 346 377 401 408
74 94 112 311 335
130 201 219 289
21 77 183 251 374
37 45 53 379
9 46 266 272 357
96 166 317 414
15 75 169 284 298
31 83 96 164 256 317
24 26 151 406 437
25 246 249 325 363 421
165 298 322 328
13 241 254 262 349
50 122 140 271 298 327
28 70 178 246 421
40 58 129 403
139 264 344 366 430
0 248 325 373
11 54 193 292
43 48 68 357 375
146 172 246 421
117 195 312 316 334 419
17 126 149 239 258
3 367 403 443
292 317 405 407
69 110 134 161 342
89 306 360 376
81 156 302 305
117 195 259 377
12 240 245 355 359
79 132 315 400
105 221 322 356
46 270 272 350 426
52 141 248 370 417 436
9 158 236 270 340 377 408 426
41 176 256 292
208 218 280 343
16 101 117 179 186
1 40 341 378 384
8 61 93 382
22 72 269 307
133 153 212 389 394
110 143 286 324 342
87 106 130 160 399
18 144 154 277 331
23 28 78 150 211 440
36 99 114 412
79 135 236 267 282
290 316 346 393
35 42 56 134 150
19 155 194 271 343 434
14 219 327 328
5 76 294 375
1 3 78 203 440
4 133 153 199 278
123 364 371 424
42 56 71 359
119 263 301 319 373
24 49 223 274 406
151 226 250 302
15 194 271 280 284 295
50 140 160 209 289
23 355 359 404 433
105 127 189 358
118 353 369 404
24 41 216 256 320 337
144 380 409 410
32 84 152 293 305 323
217 252 287 383
43 82 98 279
70 131 318 319
66 141 146 418 423 436
11 297 339 388
80 139 407 439
131 243 244 301 319
30 241 262 273 411
7 20 275 299 336 381
44 89 348 367 372 385
79 192 205 270 408
21 92 157 326
107 259 330 377 408
103 149 180 258 429
16 84 87 187 399
47 170 233 254 262
58 63 348 360 361
232 244 318 402
114 131 232 243
12 187 323 379
0 168 172 178 421
25 131 137 249
0 175 191 281 370
25 70 131 137 168 247
26 109 147 151 217 302
77 94 110 161
4 103 226 287 383
64 137 374 397 438
13 47 152 170 241
42 71 128 283
41 83 109 166 193 223
36 58 114 435
126 156 180 239 354
142 186 238 330
8 39 353 382 425
124 139 366 416
170 233 241 349 441
119 215 306 402
11 139 174 344 405 430
128 143 283 342
76 163 357 393
79 205 269 282
50 122 271 277
22 72 198 267
9 190 192 236 426
122 171 208 218 268
9 46 163 190 357
30 115 233 308 411 441
49 83 133 216
7 116 234 294 415
51 123 286 424
18 122 202 268 284 331
4 10 153 212 287 383
82 227 308 324
120 194 218 295
19 57 155 248 370
205 267 340 390
42 69 128 255 265
75 165 218 277 331
38 59 95 104 395
34 123 200 276
4 226 252 278
18 55 321 337 352
44 160 219 406
9 62 206 346 393
31 81 147 354 383
31 176 182 193 317 407
6 126 156 225 305
5 76 116 210 275 415
154 218 280 331
41 320 347 351
7 20 102 230 344
15 165 169 171 362
6 152 234 336
22 125 154 380
119 215 232 319
100 151 185 217 250
32 101 113 312
83 389 394 422
17 185 225 293 323
65 108 184 263 432
22 198 380 409
115 128 273 279 324 441
46 350 364 420
121 142 329 330
64 112 159 442
101 113 179 303
62 334 346 366 416
71 86 111 349
85 132 188 368 386 400 431
117 179 206 334 346
31 164 166 182 292
36 58 131 228 243
131 215 228 232 301
223 296 347 422
144 288 347 351 410
105 169 189 328 356
12 97 225 245 305 379
143 200 279 308
0 25 168 175
2 35 92 237
14 140 171 209 362
50 105 169 209 322
88 106 310 330
142 238 259 310 329
18 202 277 284 295
18 75 338 352 356
117 158 377 408
179 313 316 387 416 430
74 159 391 413
47 234 299 381
55 223 288 338
55 332 337 352 356 358
20 126 230 388
62 192 282 401
73 196 378 398 428
110 143 183 200 265
15 19 27 155 194 208
102 174 264 297
33 124 351 410 439
62 158 206 290 313 316 366 401
296 320 321 351
89 235 242 385
86 170 262 314
90 190 309 364 420
296 321 345 347 439
18 288 332 338
118 222 260 425
81 156 258 291
187 220 359 404 433
75 189 322 332 338 358
46 68 163 177 266 272
127 221 338 356
187 214 220 355
63 108 184 242
58 63 108 242
15 27 298 327
112 168 418 421
46 213 309 350
47 145 381 411
174 261 313 346 416
89 181 235 443
22 125 315 386
8 61 118 222
0 191 248 281
29 34 67 123 213
14 89 95 235 385 395
57 119 175 215
2 21 77 148 161 253 397
48 145 177 210
14 65 89 184 432 443
158 186 192 238 333 408
196 341 384 428
53 100 162 245 323
154 224 300 307
47 234 336 365
35 42 71 93 197 260
109 226 252 278 291
1 39 196 378 425
38 44 59 89 235 348 372
85 120 315 368 434
72 124 334 416
6 32 230 339
199 304 394 422
72 91 282 401
74 335 413 423
57 65 119 138 432
76 206 266 290 415
153 199 304 389
95 105 285 372
136 413 420 427
64 77 253 374
73 148 341 428 438
16 87 201 240
85 188 315 431
62 158 340 346 390
63 108 243 263
36 40 99 173 181
23 220 222 355
80 139 182 264
24 49 167 216 289
80 182 231 292
107 158 192 236 238 333 377
33 91 224 307
144 224 321 345
30 145 233 273 365
114 137 204 438
67 74 335 391 396
10 31 96 164
116 275 294 393
124 261 313 334 366 387
141 191 427 431 436
146 229 363 421
26 179 430 437
90 107 136 309 350 396
168 172 178 246 363 418
55 83 304 320 389
66 146 229 391 427
51 98 123 213 276
39 260 353 384
9 46 190 192 270
66 88 90 396 417 423
92 157 341 378 398
37 103 149 239
54 174 264 334 419
52 141 315 400 417
65 138 306 376 392 443
71 86 220 355
52 155 208 386
36 58 73 129 257
141 191 229 417
26 41 167 419
148 253 398 412
124 231 345 351
28 150 203 211
115 128 262 273 308
64 112 137 311
89 181 367 376 432
