444
117 247 319 325 328
70 78 172 228 230
21 29 34 148 157 161 168 221 251 374 378 382 398 425 428 438
35 40 173 211 289 403
6 11 174 285
68 74 177 206 294
4 11 47 48 170 264 272 291 293 299 336
20 243 275 310 353
124 310 313 365 374
46 192 267 293
153 252 394 414
4 6 37 48 54 264 291 293 344
187 220 302 359
17 71 97 126 254 433
89 171 184 209
128 200 221 343
26 101 167 187 195 220 240 250 359 419
13 31 156 220 383
55 144 288 321 337 356
52 57 119 373
7 258 339 353
2 61 64 161 183 221 237 326 369 374 382 438
72 198 269 351
26 39 93 235 244 328
36 151 167 250 437
112 133 247 360 363 418 442
16 23 93 113 136 151 167 238 250 312 330 419
201 250 333 396
140 150 219 367 440
2 34 67 77 94 161 251 273 374 413
233 262 308 314
17 166 292 293
158 176 185 250 302 334 388
190 236 400 409
2 29 67 110 183 326
3 39 40 56 92 134 157 173 236 289
24 173 242 319 435
11 45 149 162 180 252 429
207 318 362 404
23 35 56 92
3 35 173 403
187 302 303 387
50 69 214 283
48 68 98 145 177 364 375 411
78 140 354 378 403
37 162 170 182 319 379 429
9 79 190 267 290 309 350 426
6 152 170 254 293 336 381
6 11 43 98 266 336
100 158 302 383
42 115 171 268 283
67 68 163 276 324 401
19 67 155 333 383 443
100 106 226 274 313 383
11 158 250 344 366 430
18 83 104 193 261 288 292 296 304 321 337 351 352 358 390 422
35 39 92 115 207
19 119 138 155 226 373
78 129 228 257 310 318 366 435
89 108 124 372 385
65 257 379 435
21 71 86 324
87 111 234 428
108 164 192 361 379
21 112 311 397 412 438 442
60 95 306 362 372 392
146 178 326 396
29 34 51 52 74 159 206 251 253 311 324 413 423 431
5 43 51 76 177
42 128 214 219 237 283 286
1 129 172 178 228 242 246 249 310
13 61 86 97 222 314 324 433
22 198 224 281
192 341 378 398
5 67 159 177 391 413
165 169 189 284 332 356
68 145 177 357 375
29 94 161 251
1 44 58 211 235
46 205 267 400
231 272 285 406
105 156 185 383 388
98 143 227 279 340 342 357 375
55 166 193 320 422
201 250 302 437
120 263 368 386
61 71 313 383 433
62 98 106 149 289 340 399
121 178 329 396
14 59 122 184 209 394
158 313 366 427
164 261 288 332 390
35 39 56 128 134 237 384
23 26 169 184
29 77 221 251 335 397
65 328 372 385
199 338 351 414 422
13 71 170 222 254 291 305 341
43 48 82 87 266 364
201 250 316 383
49 53 226 256 313 383
16 142 179 333 334
116 174 297 415
153 199 297 354
55 105 127 185 406
81 104 127 185 358 360 383 395
53 87 130 201 399 406
238 396 408 420 427
59 63 289 361
185 250 302 383
34 183 200 286
62 180 255 262 314 340 349
25 64 157 335 442
26 151 250 437
244 257 260 353 435 438
50 56 219 237 268
102 272 297 339 354 415
0 131 179 195 244 247 316
199 338 369 382
19 57 155 215 301 373
85 125 288 300 307
88 178 237 246 298 310 329 330 396
89 209 219 236 376
276 309 371 424
8 59 375 411
120 267 296 300
13 145 299 411
104 105 220 250 376
15 69 92 255 283
58 70 310 435
106 160 201 383 440
117 204 232 244 247 249
188 267 269 315 368 386 400
25 153 197 247 252
35 92 219 286
139 230 307 354
26 250 396 420
273 326 383 412 421 423 442
57 201 226 376 443
135 193 264 296 297 351
28 44 150 219
175 191 319 417 431
101 179 310 316
82 227 265 279 324 342
18 202 224 288 331 345 439
43 76 126 177 365 375 411
66 178 229 326 421
185 225 250 256 383 437
2 374 397 438
37 87 173 213 239 285
28 140 219 367
24 26 113 167 240 250 302 312 419 430 437
47 254 323 379
10 103 133 193 212 231 414
194 218 280 295 343 380
52 57 119 313
17 81 258 292 383
2 35 112 335
32 49 54 90 174 176 192 206 217 226 245 274 313 316 334 344 346 355 361 366 373 377 379 383 408 427 443
67 74 311 413 423 442
130 201 383 428 440
2 21 29 77 251
37 45 319 325 379
51 216 276 346 401 424
63 91 199 389
75 169 189 284
31 83 292 422
16 24 26 151 187 250 302 437
2 229 249 310 421
75 93 165 356
6 45 47 97 234 241 254 336 381
14 50 208 209 268 298 327
1 70 228 246 310 399
3 35 36 40 149 289 403
4 102 158 344 346 424
141 215 319 373 396
32 158 226 388
5 43 68 74 76 145 294
66 70 88 121 146 246 310 326 329
101 117 142 195 316
37 111 234 435
201 211 367 440
45 222 242 405
21 34 110 208
14 89 93 235 360 376 432
32 81 104 105 109 147 201 250 383
250 259 333 334 396
12 16 41 167 220 240 302 303 359
132 315 368 386 396 400 420 434
75 165 332 338 356
33 46 236 309 350 431
141 248 325 417
9 63 73 158 205 206 269 313 346 377 379 393 408 416
55 83 139 153 199 212 296 320 321 351
154 218 280 295 343 380
16 117 179 316
207 378 384 404
133 244 247 277 322 372 385
22 72 224 269 321
96 103 118 164 193 288 337 389 394
15 110 276 286 324 424
27 84 99 106 130 138 160 181 185 211 383 427 440
144 224 288 321 331
333 383 404 440 443
131 228 244 249
79 192 267 346
5 67 158 192 253 271 313 333 334 346 387 393 416
38 56 196 318 362 404
171 183 223 250 396 420
14 89 122 171 376
234 336 364 375 381
3 78 181 201 278 403
153 193 261 282 296 390
149 266 364 375 424
42 69 237 283
119 175 311 373 396
163 223 245 303
158 226 377 443
154 194 280 295
28 69 115 122 134 140 150 367 443
12 16 17 127 187 250 303 359
2 15 21 94
71 97 182 404 433
208 216 250 302 443
72 144 198 202 288 321 331 345 409
147 305 323 379
53 57 100 138 158 176 217 252 256 274 287 313 443
82 143 279 342
1 58 70 172 204 242 249 310 399
146 168 236 421 440
1 135 264 292 297
80 153 296 351 407
131 243 263 270 316 319 402
30 262 285 314 349 441
62 170 180 210 336 365 375
23 78 184 318 348
33 35 122 190 229
21 69 92 115 121 214 268 283 326 378
26 107 286 330
149 258 354 394
16 151 187 359
170 254 262 285 349 381
36 70 182 228 435
7 232 263 270 319 402
23 114 117 131 197 204 247 260 316 328 372 385 403
158 216 313 323 383 433
70 121 172 178 310 407
0 25 117 131 133 197 244 249 260 325 328 363
191 281 313 316 333 387
70 131 168 204 228 247 310 369 421
16 24 26 27 32 54 84 99 109 113 127 136 147 151 167 185 186 208 220 223 259 302 303 312 333 359 396 419 430 437
2 29 67 77 94 161
10 37 133 226 287 429
67 206 311 412 440
13 47 97 152 170 241 305 323 336
111 128 265 308 314 411 441
100 147 226 274
58 60 114 344 405 435
20 156 239 275 339
186 250 330 333 396
114 244 247 353 363
55 91 212 282 338 390
30 111 233 241 308 314 349 441
85 232 243 270 301 402
6 11 139 230 272 405
143 255 308 324
48 98 213 294
9 46 79 125 132 205 290
50 115 171 237 327
22 132 192 198
232 243 263 402
206 333 396 433
6 80 116 264 297
29 137 326 374
53 158 226 256 383
7 258 409 410
51 123 163 200 286 309 324 424 431
197 328 392 432
211 346 401 413
82 143 227 324 342
154 194 218 300
72 248 370 418 436
212 261 296 390
42 50 69 128 214 237 286
75 165 288 337
4 80 149 233 241
69 110 134 200 238 276 283 309 424
226 252 383 443
18 55 91 120 144 199 202 224 284 296 300 304 307 321 337 345 351 352 358 409 410 422
3 35 87 108 173 403
46 267 294 394
6 11 97 293
31 55 156 166 230 296 405 422
6 9 11 31 47 291 299
5 177 266 290 365 416
154 194 218 343 380
55 125 139 193 212 231 282 288 292 321 347 351 407 410 422 439
102 103 116 139 230 272 339 354 415
121 171 327 396
6 126 293 357 375 411
120 125 280 288 380
119 263 373 402
12 32 41 49 84 109 151 167 187 223 250 303 312 396 437
41 187 216 220 250 302
55 288 317 321 422
97 225 254 323 379
65 322 372 385 392 432
120 135 288 321 351
30 255 262 265 314 324 441
46 123 190 276 286 350 371 424 426 429 431
7 8 58 70 121 129 142 168 172 178 228 246 249
64 67 159 215 253 326 396
26 151 250 302
8 53 86 90 100 155 158 192 206 226 245 248 316 346 355 366 379 383 387 393 395 416 433 443
30 71 111 233 255 262 308 349 365
132 188 368 386 434
99 117 142 158 179 195 232 244 248 313 383
304 384 389 422
38 58 207 235 366
0 36 45 141 162 175 232 243 325
83 193 337 351 422
18 55 193 198 202 224 288 296 304 307 337 345 347 351 352 390 409 410
197 306 356 385
152 225 245 254 305 379 433
51 61 67 71 143 200 265 276 279 308
0 162 191 247 319 341 370 436
21 34 66 137 146 178 237 273 311 376 421 428
171 268 298 362 376
0 23 95 244 247 277 372
88 121 178 333 396
26 121 238 259
144 202 224 332
75 91 189 331 338 352 356
27 52 101 186 203 206 248 250 259 271 329 334 395 443
32 101 158 186 206 333 387 396
94 112 157 391 413
6 47 48 170 210 234 254 381
18 55 199 284 288 320 321 338 351 358 422
96 118 189 261 332 337 356 390 414
20 116 258 297 393
82 87 111 401
73 97 325 398
82 143 227 279
15 154 194 295
11 54 158 174 257 361 366 383 388
144 224 288 321
158 163 174 192 205 206 278 313 379 393 401
296 321 351 389 394
235 360 376 385 443
111 233 241 262 314
46 190 309 420 426
22 55 96 139 193 231 288 296 307 320 321 337 347 409 410
55 288 321 332
7 20 114 260 382 425
44 103 116 135 239 297
158 313 377 443
18 75 169 189 322 332 338
76 82 299 375
55 105 288 337
12 16 187 220 240 250
25 105 184 348
63 108 158 344 379
38 65 207 327 373
25 247 260 391 418
43 98 210 213
8 145 234 294 314 375 411
54 58 90 158 313 318 344 388 430 435
28 150 181 219 440
85 132 188 315 386
21 118 249 382
281 325 373 436
123 309 413 424
59 65 95 197 244 306 328 385
19 57 119 158 175 215 301 362 370 377
2 8 21 29 148 273 428 442
43 76 82 124 145 210 213 234 299 357 365 411
122 127 138 184 209 326 327 348 421 427 432
158 192 217 355 373 396 408 426 431
2 44 73 196 237 384 398 407 425 438
45 60 63 152 158 162 192 225 305 313 323 346 361
154 194 295 300
47 170 210 241 336
2 21 118 353 369 425 438
17 49 52 53 81 86 99 100 105 109 130 137 147 156 158 160 185 201 203 245 274 287 313 316 344 388 404 427 433 443
92 196 317 378 425
59 95 197 244 306 322 348 372
85 132 188 315 368 434
41 206 248 313 334 416
32 81 176 344 366 383
164 199 317 347 394
55 91 212 261 282 321 338
74 335 363 413 442
65 277 306 432
192 206 313 339 346 415
10 89 199 239 290 347 389
105 313 333 421
27 66 88 107 121 136 175 186 188 208 215 250 259 271 298 302 311 329 334 377 408 420 426 427 431
64 94 148 438
2 73 341 378 438
87 106 172 228 406
33 79 132 188 417 431
51 163 278 340 346
232 243 263 270 301
3 40 44 173 211 244 289
38 196 203 207 222 383 433
182 257 264 292
80 104 106 399
231 246 296 378
107 158 192 377 396 420 426
33 224 275 288 321 351
275 288 296 321 351 439
43 124 126 145 255 299 365 375
64 137 253 438
29 67 74 159 278 335 371 391 442
10 96 153 338
102 116 297 393 416
192 206 294 313 387 415 439
141 191 400 431 436
25 281 363 436
16 26 151 250
107 136 188 208 350 396 408 427
137 146 168 229 249 326 376 395 440
55 83 96 166 288 292 296 304 317 320 337
67 137 159 442
123 163 174 200 213 276 286 309 371
2 353 378 382 384 438
46 309 350 377 396 408
90 107 158 201 376 383 396 420
2 62 160 326 374
37 45 252 309
54 151 250 366
67 141 190 276 309 377 396 400 417 434
184 277 306 376 392
13 71 86 222 245 271 313 323 383 404
188 315 386 431
36 58 60 114 129 180 242 257 366
281 325 370 417 418
24 84 113 147 151 167 250 302
2 21 64 114 148 378 382 397 398 412 425
144 296 410 416
28 130 160 181 201 203 229 253 367 421
233 255 262 308
25 64 112 137 159 374 391 413 423
52 138 158 203 217 219 223 226 287 313 333 348 355 383
