444
175 246 248 325 370 418 436
3 40 78 196 211 384
148 157 237 326 374 428 438
1 78 181 211 403 440
212 252 278 287 429
76 101 210 294 375
20 152 225 293 299 336 388
20 102 116 234 275 297
61 118 197 260 369 382 425
163 190 192 270 272 290 426
96 153 166 212 278 414
54 176 182 230 264 344 405
84 100 187 240 245 302 323
97 152 170 254 323
89 209 327 372 376
165 218 298 343 362
84 101 113 195 240 303 399
60 97 149 180 305
202 277 288 331 332 352
27 138 155 194 208 281 343
6 7 234 297 339
69 157 161 237 374
125 135 198 269 300 307 368
78 203 220 260 404
49 167 216 223 406
168 247 249 325 363
113 151 167 250 419 437
19 138 327 343 362
150 172 203 326 440
34 74 94 110 251 371
82 227 233 273 308 411
96 166 291 292 317 414
54 113 225 303 312 388
72 91 124 345 409
29 67 110 286 371
39 92 93 207 260 326 382
73 99 114 173 204 257 318 403 435
45 53 103 149 162 429
44 59 104 285 385
35 92 260 384 425
1 129 173 196 403
176 193 223 256 296 419 437
56 134 207 214 255 283 382
48 68 82 98 145 177 227
38 104 235 289 385
37 60 149 162 379
163 190 272 309 357 364 426
241 254 336 365 381
43 68 76 177 210 375
24 133 167 216 274 406
122 171 209 219 268 328
68 98 177 276 424
141 155 191 431 434
37 100 162 355 379
11 32 113 147 176 430
288 320 337 338 422
42 115 134 207 214 283
119 138 281 373 392
129 173 242 257 318 361 403 435
38 95 104 285 385
17 45 97 149 162 379
8 71 86 111 118 197 369
290 313 340 346 401
108 242 360 361 402
137 253 311 397 412 442
184 306 376 392 432
88 121 146 229 396 423 427
34 74 136 371 413
43 48 51 177 357
21 93 183 207 283
99 131 172 228 249
61 86 111 197 214 255 314 382 433
33 91 124 198 269 387 390
36 341 378 398 435
29 67 94 159 335 391 413
165 169 189 284 298 322 332 356
5 48 177 210 266 294 375 393
94 161 251 374 397
1 3 23 203 211
132 188 205 236 267
139 231 405 407 439
156 185 230 291 354
30 43 98 145 227 279
166 223 256 274 304 320 394 422
12 16 152 225 240 323
120 125 315 386 400
61 71 111 314 349 433
142 201 203 240 399
66 121 136 310 329 427
14 184 235 348 367 372 376 385 443
107 188 350 420 427
33 72 124 390 409
35 39 157 237 326 378 428
35 69 197 255 382
29 74 77 159 251 335
59 285 372 385 395
10 31 164 166 317 414
13 17 60 323 379
43 51 82 227 276 424
36 70 204 228 403
12 53 217 245 302 379
5 16 195 303 312
7 116 174 297 344
37 239 252 287 429
38 44 59 127 285 395
127 189 221 322 328 358 395
130 140 201 310 329
90 136 238 408 420
63 306 360 361 402
147 166 226 250 256 383
29 34 143 161 183 200 251 342
61 71 86 255 314
159 311 363 421 442
16 26 32 54 147 303 312
36 204 244 257 412
56 273 308 324 441
7 102 275 294 415
142 179 186 195 316 333
8 61 222 353 369
57 215 263 301 373 392
85 125 280 300 386 434
66 88 146 178 310 329
50 140 171 268 271 277
213 276 286 364 371 424
33 72 91 261 345 387 416 439
22 85 120 135 300 368 386
156 180 258 293 305 339
104 105 221 285 289 358
255 265 283 308 314 441
40 58 173 242 435
106 140 160 201 329
70 204 228 232 244 247 249 318 319
79 135 188 205 267 315 368 400
49 153 199 212 274
42 56 150 183 207
22 125 132 205 307
67 88 107 238 330 396 420
64 247 249 253 412 442
19 27 57 373 392 432
80 174 231 261 264 405
106 122 130 160 171 219 327
52 191 229 417 431 436
87 117 259 310 329 330
110 200 265 324 342
202 224 288 321 331 410
43 82 365 375 411
66 121 178 229 418 421 423
54 109 113 185 250 291
2 253 374 398 438
17 37 45 60 180 239 429
28 134 203 207 440
26 167 217 250 302
6 13 84 225 254 299
10 133 199 212 278 394
202 224 295 300 380
19 52 208 281 343 434
81 126 180 185 258 293 305 354
2 21 92 237 428
192 333 346 377 401 408
74 94 112 251 311 335 391
130 140 201 219 289
21 77 110 183 251 374
37 45 53 60 379
9 46 266 272 290 357
96 166 292 317 414
15 75 169 284 298 356
10 31 83 96 109 164 256 317 414
24 26 49 151 406 437
25 246 249 325 363 421
75 165 298 322 328 362
13 241 254 262 349
50 122 140 219 271 298 327
28 70 178 228 246 421
36 40 58 129 196 403 435
102 139 264 344 366 430
0 215 248 325 370 373
11 41 54 193 292
43 48 51 68 76 357 375
121 146 172 246 421
117 195 312 316 334 419
17 126 149 156 239 258
3 348 367 403 443
11 292 317 405 407
69 110 134 161 265 342
65 89 306 360 376
81 147 156 302 305
117 195 259 316 377
12 240 245 355 359 399
79 90 132 315 400 431
75 105 221 322 356
9 46 270 272 350 426
52 141 248 370 417 436
9 158 236 270 340 377 401 408 426
41 176 256 292 296 407
19 208 218 280 343
16 101 117 179 186
1 40 173 341 378 384
8 61 71 93 382
22 72 269 307 409
133 153 212 304 389 394
110 143 286 324 342
87 106 130 160 399
18 144 154 277 331
23 28 78 87 150 211 440
36 99 114 131 247 412
79 132 135 236 267 282
290 313 316 346 393 415
35 42 56 69 134 150 326
19 155 194 271 280 343 434
14 50 219 327 328 367
5 48 76 294 375
1 3 78 203 440
4 10 133 153 199 278
123 286 364 371 424
42 56 71 359 382
119 175 263 301 319 373
24 49 223 274 406
100 151 226 250 302
15 194 271 280 284 295
50 140 160 171 209 289
23 355 359 404 433
105 127 189 322 358
118 260 353 369 404
24 41 83 216 256 320 337
144 154 307 380 409 410
6 32 84 152 293 305 323
109 217 252 287 383
30 43 82 98 279 324
70 99 131 172 318 319
66 141 146 418 423 436
11 81 297 339 388
80 139 405 407 439
131 243 244 301 319
30 241 262 273 411
7 20 275 299 336 381
44 89 348 367 372 385
79 192 205 270 340 408
2 21 92 157 326
107 136 259 330 377 408
103 149 180 258 354 429
12 16 84 87 187 399
47 170 233 254 262
58 63 129 348 360 361
232 244 318 361 402
114 131 232 243 257 318
12 100 187 323 355 359 379 433
0 168 172 178 421
25 131 137 204 249
0 175 191 281 370
25 70 131 137 168 247
26 109 147 151 217 302 437
29 77 94 110 159 161
4 103 226 287 383
64 137 148 311 374 397 438
13 47 152 170 241
42 71 93 111 128 283 314
41 83 109 166 193 223
36 58 114 244 435
126 156 180 239 354
142 186 238 330 426
8 23 35 39 222 353 382 384 425
124 139 313 366 416
170 233 241 349 441
119 215 301 306 402
11 139 174 344 405 430
128 143 183 283 342
76 163 290 357 393
79 132 205 269 282
50 122 271 277 284 406
22 72 198 267 282 390
9 190 192 236 426
122 171 208 218 268
9 46 163 190 357
30 115 233 308 411 441
49 83 133 216 389
7 116 234 294 415
51 98 123 279 286 424
18 122 202 268 284 331
4 10 153 212 287 383
82 227 276 308 324
120 194 208 218 295
19 57 155 248 370
205 267 269 340 390 401
42 56 69 128 255 265
75 165 218 268 277 295 331
38 59 95 104 127 395
34 123 200 213 276 371 424
4 103 226 252 278 383 429
18 55 144 321 337 347 352
44 127 160 219 406
9 62 163 206 266 346 393
31 81 147 354 383
31 164 176 182 193 317 407
6 126 156 225 299 305 388
5 76 116 210 275 393 415
154 218 280 284 331
41 193 320 347 351 439
7 20 102 230 339 344 388
15 75 165 169 171 362
6 152 234 293 336
22 120 125 154 380
119 215 232 263 319
12 100 151 185 217 250
16 32 101 113 312
83 199 389 394 422
17 126 156 185 225 293 323
65 108 184 263 402 432
22 135 198 224 380 409
30 115 128 273 279 324 441
46 350 364 420 426
88 106 121 142 329 330
64 112 159 253 397 442
32 101 113 179 303
62 206 261 334 346 366 416
71 86 111 128 255 349 441
85 132 188 368 386 400 431
117 179 186 206 333 334 346
31 96 164 166 182 292
36 58 131 228 243 244
131 215 228 232 301 325
55 83 223 296 347 422
144 288 347 351 410
75 105 169 189 221 328 356
12 13 84 97 225 245 305 379
115 143 200 227 279 308
0 25 168 175 319
2 28 35 92 207 237
14 27 140 171 209 362 376
50 105 169 209 322 395
88 106 121 130 142 310 330
136 142 238 259 310 329
18 144 202 277 284 295 352
18 75 338 352 356
117 158 316 377 408
179 313 316 387 416 430
74 94 159 391 413
6 47 234 299 381
55 223 288 338 352
55 332 337 352 356 358
20 126 230 297 388
62 192 236 282 401
73 196 378 398 428
110 143 183 200 265
15 19 27 155 194 208
11 102 174 264 297 430
33 124 351 387 410 439
62 158 206 290 313 316 366 401
288 296 320 321 351
89 181 235 242 360 385
86 170 262 314 441
90 190 309 364 396 420
296 321 345 347 410 439
18 288 331 332 337 338
118 222 260 369 425
81 156 239 258 291
53 187 220 245 359 404 433
75 165 189 322 332 338 358
46 68 163 177 266 272
105 127 221 338 356
187 214 220 245 355
63 108 184 242 348
58 63 108 242 243
15 27 169 298 327
25 112 168 418 421 442
46 123 213 309 350
47 145 375 381 411
174 261 313 346 416
89 181 209 235 443
22 125 132 315 386
8 61 118 222 353
0 175 191 248 281
29 34 67 123 213 286
14 89 95 235 385 395
57 119 138 175 215
2 21 77 148 161 253 397
5 48 76 145 177 210 365 381
14 65 89 184 327 432 443
158 186 192 238 333 408 426
73 92 196 341 384 428
45 53 60 97 100 162 245 323
154 224 300 307 409
47 234 336 365 375
8 35 42 71 93 197 214 260
109 226 252 278 287 291
1 39 196 260 378 425
38 44 59 89 95 235 348 372
85 120 125 315 368 434
72 124 334 345 416
6 32 230 293 297 339
199 274 304 394 422
72 91 269 282 401
74 159 335 413 423
57 65 119 138 432
76 206 266 290 294 415
83 153 199 304 389
95 104 105 285 328 372
66 136 350 413 420 423 427
64 77 253 311 374
73 148 341 428 438
16 87 187 201 240
85 132 188 315 431
62 158 192 282 340 346 390
63 108 243 263 306
3 36 40 58 99 173 181
23 220 222 355 433
11 80 139 182 231 264
24 49 167 216 268 289
80 182 193 231 292
107 158 192 236 238 333 377
33 91 198 224 307 380
144 224 321 345 351
30 145 233 273 365
64 114 137 204 438
67 74 335 391 396
10 31 96 164 166
116 206 275 294 393
124 261 313 334 366 387
141 191 427 431 436
0 146 229 363 421
26 41 179 430 437
90 107 136 309 350 396
112 146 168 172 178 246 363 418
55 83 304 320 389
66 146 229 391 396 427
51 98 123 213 276 286
8 39 260 353 384
9 46 190 192 259 270 309 377
66 88 90 396 417 423
2 92 157 341 378 398
4 37 103 149 239 287
54 174 264 334 344 419
52 141 188 315 400 417
65 138 306 376 392 443
71 86 220 245 355 404
52 120 155 208 386
36 58 73 129 173 257
0 141 191 229 417
26 41 167 250 419
2 148 253 398 412
80 124 231 296 345 351
3 28 150 203 211
115 128 262 273 308 314 349
64 112 137 311 363
89 181 367 376 432
