444
117 131 247 319 325 328
78 172 228 230
21 374 425 428 438
35 40 173 211 289 403
11 59 174 285
68 74 177 273 294 416
47 170 291 293 336 381
20 62 275 353
61 124 162 441
46 79 205 267
153 347 394 414
4 37 48 252 264
41 49 216 220 245 303 323 359
17 97 254 305 433
89 171 184 209
110 128 221 343
26 101 167 195 240 334 419
13 31 156 166
144 332 337 356
52 57 119 155 245 271
7 258 275 339 353
2 183 221 374 382 438
72 155 198 269
42 44 214 235 328
151 167 250 437
112 247 360 363 418 442
16 113 151 250 312 419 430
52 66 138 271
140 150 181 219 367 440
34 67 94 161 251
233 262 308 441
17 166 292 293
185 302 388 437 443
85 236 282 400
29 110 183 374
3 92 173 289
45 173 242 435
11 45 149 162 252 429
196 207 270 318 362
56 92 214 384
3 129 173 403
12 176 216 223 256 303
23 50 69 93 169 214 238 283
48 126 145 177 375 411
23 78 140 211 378 403
36 37 162 222
9 190 290 309 350 426
6 163 254 293 336 379 381
11 43 98 266
12 100 109 176 217 245 323 355
42 115 171 214 238 268 283
68 163 276 324
19 27 66 155
100 226 379 412
107 344 366 408 430
288 304 321 337 351 352 358 422
39 92 115 207
19 119 138 155
78 129 228 318 435
4 89 95 108 124
95 207 257 361
8 265 353 369 371
7 234 278 340 414
108 164 341 361
81 112 137 148 311 397 412 438 442
95 306 362 372 392
27 52 84 146
29 159 206 431
5 51 76 177
42 93 128 214 237 283 286
172 178 228 246 249 310 421
86 314 324 433
22 198 224 281
108 257 341 398
5 159 273 365 391 413 423
165 169 189 284 332 338 352 356
68 177 294 357 375
94 161 251 253 397
1 44 58 140
9 205 236 267 290 400
231 285 406 407
64 105 156 292
227 279 342 375
166 193 223 256 274 320 358
66 109 147 437
33 120 135 213
71 253 313 393 433
98 106 149 340 399
121 178 329 330
14 59 122 184 209 235
158 366 408 427
164 261 390 409
35 39 56 134 237 384 428
42 69 169 214
29 77 221 251 397
59 60 65 108 242 372
199 267 307 414
13 170 222 254 291
48 87 210 266 364
130 186 201 404
49 53 217 226 274
16 179 333 334
116 174 297 415
239 282 297 354
105 127 358 395 406
81 104 127 358 395
87 130 240 399 406
54 408 420 427
59 63 73 95 361
49 84 147 245 303
15 34 183 200 208
255 262 314 349
25 64 335 442
26 151 312 430
257 260 435 438
50 56 214 268 298
102 272 297 339 354 415
0 179 195 244 247 316 328
199 260 369 414
19 57 155 215 301 373
85 125 300 307
88 178 246 329
89 171 209 219
286 309 371 424
8 59 290 299
120 267 300 307
43 260 299 411
104 105 208 348 360 395
15 69 134 255 283 441
40 58 242 435
99 106 160 201 440
0 204 244 247 249
188 315 368 386 400
153 197 247 252
92 128 219 286
85 230 307 354
238 259 286 330
64 326 423 442
27 57 226 251
193 264 296 297
28 44 78 150 219
175 191 319 417 431
179 195 204 259 273 310
200 227 265 279 324 342
18 202 224 331 345 410
43 177 365 375 411
66 229 326 421 440
84 109 185 203 225 437
64 374 397 412 438
37 87 213 239 285
28 140 219 367
24 26 113 167 250 302
225 245 254 305 323
10 133 212 231
194 218 295 343 380
19 22 52 57 119
17 81 166 292 293
182 335 342 357
90 192 206 313 344 346 366 377 383 408 427
67 74 175 311 413
130 201 383 440
29 77 251 253
8 37 45 252 319
47 51 254 336 381 401
63 91 317 389
75 169 189 284 298
17 31 83 156 256 320
16 24 151 250 302 437
229 249 418 421
42 75 93 165
6 97 241 254 336
14 50 122 208 209 268 298 327
1 70 228 246 310
3 35 36 40 289 403
4 102 346 401
141 159 319 373
41 49 256 388
5 43 68 76 145 294
70 88 121 246 310 329
101 117 142 195 244 316
234 239 258 340
28 211 367 440
157 222 242 339 405
21 34 110 208
14 89 360 376 432
32 147 383 388
99 311 333 334 377
220 240 302 303 359
132 315 368 386 434
75 165 261 332 338
46 236 309 350 417
141 248 325 370 417 436
158 206 313 346 377
83 139 198 199 212 296 320 351
154 218 280 295 343 380
16 117 142 179 204 316
38 207 318 384 404
133 277 322 328 372 385
22 72 193 269
96 118 193 389 394
110 143 254 276
99 130 160 383 427 440
144 224 321 331 345 410
147 404 440 443
131 142 195 249
9 79 231 239 267
67 158 192 313 333 334 346 387 393
38 56 60 196 318 362 404
110 127 171 183
14 89 122 171
98 234 364 375
3 44 181 229 403
153 193 261 390
85 149 266 364
23 39 42 50 69 93 115 283
119 271 311 373
12 41 245 256
49 100 226 274 355
154 194 280 295
28 122 134 140 150 367
12 187 303 359
15 21 94 397
45 97 182 291 404
41 83 274 320
72 144 202 321 345 410
147 152 245 256 305 323
53 100 138 217 274 287 379 443
82 143 279 342
1 58 70 172 310
146 168 211 421
1 135 264 297 339
80 153 205 405 407
243 263 319 402
30 262 285 349 441
62 180 210 375
23 89 318 348
33 79 190 270
69 92 283 425
42 50 136 330
103 149 180 205 258 278 354
16 106 187 399
170 262 349 381
36 95 129 182 395 435
232 263 319 402
117 131 179 247 403
12 19 49 109 152 216 225 323 355
70 121 172 178
0 25 117 131 133 244 363
191 281 316 387
70 131 168 204 310
24 26 151 167 302 419 437
29 77 94 138 161 253
11 37 133 162 287 429
77 86 161 251 412
13 47 97 152 163 170 200 336 379
111 128 265 308 314
41 83 166 176 216 225 274 305 320
60 73 114 361 398 435
20 180 239 275 339
136 142 329 330
114 118 126 353 363 369
91 189 212 282 390
30 111 233 241 308 314 349 441
232 243 270 301 306 402
11 139 230 272 299 405 415
61 143 255 308 324
48 98 213 340
9 79 96 125 205 290
50 115 171 327
22 198 320 434
38 236 263 278 402
19 27 215 368 433
116 264 297 415
5 74 142 441
83 100 217 223 226 256 320
7 20 258 409
51 200 286 424
197 322 328 356 392
62 239 270 401
82 143 227 342
194 218 300 386
72 248 370 418 436
33 103 261 390
42 50 69 128 214 237
75 165 332 356
4 80 149 233
69 123 134 136 276 309 424
226 252 378 383
55 296 321 337 422
3 35 173 403
46 79 124 267 294
6 97 222 293 341
31 81 156 405 422
6 31 47 156 291
5 76 177 290 416 429 439
154 194 218 331 343 380
139 193 288 321 351 422
102 103 116 139 230 272 339 354 415
115 165 171 327
124 126 264 357
120 125 280 380
119 263 373 402
32 151 167 187 250 437
12 41 109 187 220 359
55 352 390 422
13 152 225 256 323
65 263 372 385 392 432
96 120 125 135
30 255 262 265 324 441
46 123 190 286 350 424 426
70 142 172 178 228 249
64 159 186 215 326
26 113 330 419 430
86 158 192 206 346 366 443
71 111 255 262 349
132 188 355 368 386 434
117 179 195 248
164 384 389 407
38 58 196 207 235 362
0 141 162 175 232 243 325
83 166 193 223 256 269 274
55 202 224 288 296 337 351 352
197 277 328 356
12 49 152 225 245 305
51 71 143 265 308
0 191 319 370 436
137 146 311 376 421 428
171 268 298 362
0 23 117 197 277 322 372
88 121 178 259
88 136 238 259 312
144 202 295 332
18 75 189 284 331 338 352 356
101 186 206 334 377
16 101 186 206 333 377 387
112 157 371 391 413 429
6 47 163 170 254 381
18 55 288 321 358 422
75 189 332 356
20 116 182 230 258 297
62 87 180 266 401
63 73 291 398
82 143 157 227 279
15 154 194 295
54 158 366 388 427
144 202 224 439
158 174 192 206 313 393
10 389 394 409 439
127 235 360 385
111 233 241 262 314
46 190 309 420 426
55 193 296 321
55 75 304 321 332
7 20 61 260 382
103 116 135 239 297
49 217 245 315
18 75 277 284 322 332 338
76 157 299 364
55 83 104 105 337
12 187 220 303
25 127 184 348
60 63 108 257 435
38 65 207 318 327
25 247 260 391 418
98 210 213 357
74 145 375 411
54 90 158 313 344
28 150 181 219 440
132 188 271 315 386 434
61 118 260 382
191 281 325 417 436
61 123 335 424
65 95 197 306 328 385
119 175 215 301
2 21 34 148 428 442
43 76 82 145 210 234 365 411
184 326 427 432
158 186 192 333 334 396 408 426
44 287 384 425 438
47 53 226 254
154 194 295 300
6 47 163 241 336
21 353 369 425
158 160 185 201 287
39 92 196 317 378 425
197 306 348 372
132 188 280 315 368 434
206 248 334 416
32 176 185 344
164 199 317 347 394 409
91 212 261 282 304
74 335 363 413 423
65 277 306 432
86 206 346 415
10 199 347 389
104 105 127 242
377 420 427 431
64 77 94 148 221 412
73 257 341 438
87 106 240 406
33 79 132 417
163 174 278 340
232 243 263 270 301
3 40 44 173 211 244 289
99 196 203 207 222 433
182 231 264 292 407
80 104 106 399
80 231 317 405
54 90 107 158 377 426
91 275 347 389
144 202 224 439
43 126 145 365 375
53 64 148 253 397 438
74 159 335 391
10 62 96 118
102 116 264 272 297 393 416
5 294 387 415 439
141 190 191 370 400 431 436
25 168 281 363 436
16 26 250 312
107 350 396 426
70 146 168 229 326
55 288 292 296 304 337
74 137 391 442
123 276 286 309 371
2 237 378 382 384 438
46 309 350 377 408 420
90 107 158 201 344 376 396
2 92 326 374
37 252 294 335
26 54 113 312
67 141 396 417
184 306 376 392
13 71 86 271 404
188 269 315 368 386
36 58 114 129 242 257 361
191 281 325 370 417 418
24 32 84 147 167 250 302
2 21 64 114 148 378 398 412 425
294 345 347 410 416
28 130 146 160 181 201 203 367
8 30 128 233 262 273 308
25 64 112 137 374 423
32 203 226 313
