444
54 158 334 377 411
158 175 219 370
126 148 160 316 366 383
160 203 313 383
86 102 163 242 266
145 177 333 334 427 443
107 125 296 425
20 81 353 438
32 103 201 297 333 427
32 135 175 270 373
33 96 153 157 340 347 357
158 192 264 313 321 383
158 250 276 443
54 250 366 376
199 239 250 377 388 421
250 333 334 383
17 77 158 216 269 316 334 383
16 32 352 383 432
92 247 295 313 383 440
160 316 334 443
7 202 266 270
142 316 422 440 443
110 153 216 283 377
158 222 333 338 366 408
250 383 396 400 443
260 313 326 333 383
51 165 201 207 225 250 251 254 262 334 427
201 250 377 383
158 219 291 334 383
54 316 376 396 430
168 328 374 392
233 234 261 341
8 9 17 39 40 74 83 151 181 185 222 228 247 250 265 274 284 302 303 327 353 359 371 443
10 140 336 400
133 160 221 260 344 381 383 396
158 201 396 443
149 250 302 376 383
67 107 215 443
98 263 331 421
32 130 201 288 333
32 180 264 396 408 415 427 429
158 187 344 383
201 250 373 443
76 124 137 145 391 409 410
158 206 324 396
67 201 333 427
106 159 185 334
383 427 430 437
98 116 135 227 230 405
107 201 250 376
250 313 334 443
26 302 396 408
59 111 127 158 333 383 427
72 158 182 333 343 383 396
0 13 29 58 94 105 109 113 114 132 134 136 161 167 189 192 198 208 214 226 250 256 334 367 383 392 395 396 431
203 249 250 329
121 237 383 396
194 334 366 383 427
54 201 334 366
52 100 135 139 206 236 275 442
239 292 313 316 427 432
117 201 366 413
199 282 291 310 351
107 201 206 313
294 316 326 366 443
333 383 396 443
158 160 302 334
37 45 123 147 157 158 198 209 245 249 250 257 372 383 443
153 316 344 383 443
250 334 396 427
158 316 383 427
144 201 250 408 440
53 151 257 287
226 277 334 443
32 192 201 316
220 250 334 376
43 149 425 436
16 334 377 443
206 313 334 344 389
210 227 267 279 364
108 231 255 279 307 342
7 160 383 396 427
149 227 264 267 340 407
32 333 352 373 378
158 160 250 313
223 339 353 406
4 106 177 189 201 250 333 383 441
98 135 290 349 390
250 316 344 443
101 235 256 409
158 201 250 258 381 401 440
180 199 210 212 394
18 160 334 339 344 443
151 158 237 333
54 118 158 313 344 383 389
334 383 396 427
10 98 102 261 272 357
158 304 344 383 430
38 48 87 96 272 290 394 414
143 151 201 313 371 416 443
59 250 260 316 334 383
89 158 198 201 243 302 333
4 96 103 439
8 102 342 429
313 333 334 383 396
54 158 201 383
46 86 108 201 383 443
6 37 49 63 334 356 383 408 426 443
80 106 188 356 399 433
54 148 158 160 250
22 158 160 333 334 342
52 204 378 425
131 249 317 396 443
54 201 302 313
54 158 316 334 345 415
160 250 333 383
48 120 258 267 384
61 160 316 321 383 440
94 145 185 292 408
185 186 208 377
116 340 347 380
56 201 242 250 383 396 436
151 158 383 443
67 160 193 201 250
43 230 339 354
6 210 380 439
2 146 168 340 407
52 158 201 427
160 316 383 443
158 159 185 307 313
39 171 201 250 351 383 396 412 435
112 168 233 316 344 383 427
54 158 250 377
34 158 184 199 378
54 186 376 408
9 48 59 87 231
54 158 334 383 396
43 241 313 316 334 383 438
250 313 333 396
59 190 264 340
33 158 275 313 366 427
158 186 334 383
21 333 334 376 443
99 158 279 396 408
71 160 204 364 430
5 43 118 159 168 224 251 273
126 201 250 376 427
67 158 201 316
2 109 159 160
36 76 82 231 289 346 392
203 313 396 403
32 72 93 99 122 165 167 175 176 178 186 187 204 217 315 324 356 383 396 431 443
160 316 396 427
10 22 68 213 267
194 295 354 405
201 334 396 427
201 275 316 376 440
10 67 333 377 418
0 1 11 12 16 23 28 35 41 44 52 53 66 67 70 84 90 93 94 97 101 105 109 110 114 122 127 129 132 133 136 140 141 143 147 166 170 171 175 184 185 192 209 235 240 244 248 277 283 287 312 314 319 326 327 328 330 334 341 344 346 348 356 361 362 373 377 379 383 384 387 396 406 408 419 426 430 431 433 443
46 129 145 148 241 278 313 331 333 336 367 369 383 439 443
2 3 19 34 66 81 84 92 109 110 115 117 123 128 144 148 152 172 177 185 186 201 208 223 226 235 244 249 253 298 309 313 319 346 348 355 360 366 376 381 382 383 391 393 396 398 404 421 432 433
54 201 333 383
186 313 316 383
4 175 215 253 334
355 380 386 406
26 151 201 334
158 171 185 333
54 151 187 201 318 332 371 383
30 126 131 145 201 313 440
185 192 279 302 437
158 250 366 408
130 158 166 377 383
160 201 366 396
201 344 408 421
186 313 344 427
1 9 151 158 163 216 246 262 366 393 396 407 417 434
151 192 383 408
5 86 160 421
151 229 250 323 324 333 353 383
201 376 396 427
40 91 203 322
32 270 294 333 334 396
53 413 433 440
376 377 383 396
133 158 201 250 383
32 46 118 119 129 158 160 166 169 207 239 268 345 383 413 432
119 134 141 151 160 162 174 187 190 211 238 284 316 427
41 151 167 186 313
108 193 250 376 396 417 443
54 86 197 333 377
139 186 276 311 431
248 313 316 427
11 54 74 158 169 176 250 345 443
123 188 226 376
57 154 219 431
333 383 440 443
316 326 396 427
189 250 313 344 427
54 67 101 442
14 62 91 133 212 252
201 250 333 334
8 26 27 35 39 42 45 49 58 61 63 71 74 86 90 99 101 105 106 113 121 123 127 130 146 147 155 156 160 161 165 167 168 172 173 179 184 200 228 232 235 237 242 245 247 248 250 252 265 278 286 288 291 298 303 310 311 325 334 344 355 359 365 366 388 391 392 408 423 428 435 436 440 442
20 251 264 275 440
3 55 150 180 241 250 302 313 383 407
111 144 151 383 427 443
272 285 364 431
44 59 63 78 225 334 383 396 408 427
26 185 333 431
54 119 160 250 316 443
67 158 334 443
79 91 125 267 282 300 409
186 316 376 383 439
91 199 275 279
153 266 339 414
54 344 383 427
37 163 250 333 334 443
16 22 175 333 387
151 408 427 443
311 316 333 376
1 28 194 250 333 383 408
75 334 351 383 396 443
34 287 302 316 376
23 32 379 420
85 160 313 366 396
145 295 316 374
26 206 366 376
54 73 160 193 250 277 335 443
48 79 82 279 390
32 201 383 396
178 316 396 427
48 124 300 394
80 135 149 267 411
201 242 288 314 326 336 383 443
31 131 344 363 386
31 291 338 429
89 158 160 201 250
59 297 299 319 376
56 93 201 302 316 341 352 361 383
186 383 396 443
14 60 185 364
158 313 333 383
137 159 203 287
4 121 201 232 334
101 250 396 427
158 160 372 377 397 443
67 201 333 443
175 250 396 443
18 32 201 383 443
158 191 201 250 281 383
55 67 112 160 314 363 383 421
12 13 14 15 24 26 27 32 36 42 49 50 54 55 67 69 71 75 84 86 88 90 100 109 115 121 123 130 132 138 146 170 178 184 188 192 197 200 201 203 208 215 219 226 235 243 246 248 251 253 259 268 273 291 293 302 303 306 310 311 312 325 326 329 333 334 355 358 360 368 373 376 377 382 383 396 398 399 403 423 427 434 437 438 439
26 145 202 250 316 333
199 201 334 344 383
160 163 250 326 334
26 383 408 443
80 313 326 383 388
54 89 259 298 302
67 72 366 440 443
90 116 387 395 429
250 256 333 377 383
25 34 100 311 316
31 96 266 299 317 390
26 175 292 333 383
38 316 334 366 376
11 40 82 139 202
32 201 373 383
4 20 213 261 270
79 82 116 153 210 231 272 357 409
185 250 333 396
16 302 334 431
9 20 181 266 373 419
333 377 383 443
96 98 205 267
145 250 326 375 376 422 443
32 320 383 420 442
59 140 156 202 212 424
12 190 313 383 386 393 440 443
73 158 226 344 383 408
159 201 421 442
79 80 143 169 212 227 290 442
311 376 377 408
248 313 316 332 383
62 210 342 347
22 158 333 376 443
32 186 326 333 415
205 307 332 342 415
201 333 376 383
72 158 221 241 316 317 383 400 410 443
39 201 232 301
149 313 316 334 377
87 98 279 390 414
28 62 201 234 250 427
60 118 262 327 416
250 334 388 428
64 181 344 425
18 154 224 304 375
6 351 394 410
8 236 371 394 425
160 201 256 334 427
236 261 402 414
210 230 307 343 380
288 313 316 383 396
32 36 51 66 101 113 169 203 221 237 250 256 269 305 333 335 343 350 368 373 383 389 402
32 201 250 339 383
97 295 389 414
302 309 373 383
250 308 313 333 383
80 129 285 300
306 316 348 440
160 305 326 383 396
62 201 250 316 333 377
190 201 218 250 260 280 313 320 383 384
158 250 334 383
3 11 18 25 50 60 63 78 84 94 99 104 113 129 137 138 140 150 159 160 162 168 174 187 191 197 203 223 240 255 276 281 289 301 306 311 316 318 322 333 335 336 349 356 362 365 368 370 379 383 388 402 403 406 418 420 425 438
158 232 249 376
151 316 366 396
2 16 19 21 29 60 64 68 70 74 88 100 114 117 128 131 137 147 152 156 162 186 191 196 208 211 218 221 224 229 237 251 260 263 281 287 289 301 308 310 313 315 319 325 333 334 337 344 358 363 367 372 377 378 391 395 403 412 416 421 424 427 428 436 440
112 261 287 347 354
167 313 396 443
158 160 236 316 407 443
274 311 383 396
11 117 334 400 427
180 313 326 366 408
178 366 396 443
44 151 178 332 377 408
201 250 316 440
25 64 158 196 232 250 253 255 273 284 309 322 377 383 384
32 158 292 383 396
30 158 383 396 443
55 250 337 377 396 408
158 333 383 396
38 159 366 378 411
167 281 285 324 334
5 8 15 23 25 39 45 52 53 65 83 86 93 101 104 110 115 138 142 157 159 161 166 178 181 189 195 200 207 215 216 218 219 240 245 250 251 259 262 268 271 283 284 286 302 306 310 313 316 330 346 377 378 383 385 395 396 403 408 417 418 419 427 440 442 443
0 5 15 16 19 26 28 46 50 54 57 58 66 69 73 75 77 78 92 95 100 104 107 110 114 136 137 141 142 155 158 163 165 181 200 201 206 209 215 220 242 250 252 253 263 269 289 293 298 312 316 321 332 338 346 350 360 362 366 370 374 378 381 398 406 413 420 421 424 433 438
226 302 313 395
33 159 232 313 433
316 329 396 443
23 234 334 383 427
85 92 124 213 303 358
10 82 120 126 139
31 158 237 408 431
80 103 110 282 285 378 442
53 300 302 392 419
34 41 68 78 88 92 94 97 131 158 173 174 197 201 214 233 252 277 294 316 371 383 393 416 418 422
114 185 192 383
149 158 160 333 334
10 120 282 317
158 160 308 396 401 443
87 313 390 403 435 442
302 334 437 443
62 130 220 296
17 83 237 405 411
7 32 85 178 413 443
124 154 317 375 408 414
160 164 201 250 408
107 108 151 158 313
10 96 267 389
250 316 339 366 383
32 201 366 383
160 250 334 422 427
158 237 376 400 443
158 313 334 366
233 249 316 374 375 388
79 144 205 239
201 313 366 427
2 13 23 57 58 61 64 140 160 170 172 175 201 223 225 257 263 315 322 323 331 334 358 359 362 365 367 374 376 382 412 437 441
54 159 316 366
250 302 313 408
159 395 428 440
1 313 334 408 443
32 99 167 297 344 443
67 244 316 383
9 42 83 158 250 265 270 302 305 383
30 224 334 363 366 440 443
273 295 354 363 405 439
13 29 36 49 75 134 142 146 156 160 179 183 188 193 211 218 221 225 236 250 263 273 280 283 286 314 361 366 378 383 435 441
0 14 22 27 77 119 132 157 158 171 183 189 244 250 259 271 280 289 310 316 324 326 329 333 387 393 426 430
83 111 133 316 331 333 334 342 376 407 410
158 222 313 383 399 427
120 125 164 300 414
34 90 160 334
160 250 366 440
2 3 11 15 16 17 18 24 25 27 28 34 36 41 47 52 53 54 56 57 65 67 68 70 81 86 94 95 97 100 104 105 106 107 115 117 121 122 128 130 131 136 137 141 151 158 159 160 161 162 167 171 176 178 183 184 185 195 203 204 206 211 214 219 220 228 232 237 238 240 247 248 249 250 252 254 255 259 262 265 271 274 276 277 281 286 287 301 302 303 305 306 309 311 312 313 320 326 327 328 330 333 338 344 345 358 359 372 373 376 379 385 386 387 388 392 395 398 404 408 413 416 417 418 419 420 425 428 430 435 437 440 442 443
116 158 311 326 443
333 383 396 427
164 233 276 383 396 408
158 216 258 377 383 396
14 201 255 293 313 363 383 411 443
78 94 302 304 357
87 227 261 290 349 406
43 160 201 316 443
30 54 149 201 343 383 443
160 175 276 344 377
91 98 230 296 297
54 258 316 333 335 369 383 401 421
24 29 34 35 40 44 51 53 54 56 65 69 81 95 104 112 121 130 136 138 143 150 151 152 155 158 160 172 175 179 181 183 188 196 206 220 223 228 229 238 243 246 250 268 301 309 315 318 320 323 327 328 329 330 333 337 348 385 386 387 397 402 413 419 424 425 426 427 429 432 438
244 396 430 432
160 250 334 383
108 250 379 408 428
24 33 287 321 361 421
90 348 395 427
299 302 313 396 443
150 250 313 316 333 349
160 383 408 427
48 154 352 375
85 158 164 313 334 390 427
82 126 175 203 319 378
23 40 51 71 107 118 134 143 158 170 173 176 201 206 217 219 254 277 280 322 324 329 333 341 354 355 368 370 383 386 399 404 412 424 432 433 437
43 89 210 267
43 287 296 378 428
0 231 331 352 388 438 442
130 316 366 408
61 182 185 334 353 383 396
98 213 290 299 304 354 380
40 114 284 285
99 292 316 344 383
175 188 333 383
157 313 333 344 383 443
158 270 333 343 383 396
222 274 313 334 383 443
14 38 160 173 177 249 278 316 334 395 400 443
21 273 344 360
201 250 440 443
275 316 334 396 408
6 76 111 294 297 313 383 396 440
107 158 377 396
5 8 26 40 45 47 52 57 60 69 70 81 95 127 131 140 146 152 155 174 179 186 191 196 197 204 206 214 217 229 243 250 291 298 316 321 333 338 360 365 379 385 396 401 404 406 429 434 436 439
201 293 316 369 383 399 410 443
40 103 234 258 396 427
29 47 97 144 158 377 383 397 443
54 151 158 190 194 205 207 269 341 443
17 60 160 185 396 397 408 442
108 158 160 182 334 336 408
175 250 427 437
130 201 349 376 383
76 121 201 316 427
47 169 250 350 366 383 408 434
7 137 250 313 334 396 411
102 125 159 211 250 375 427
18 21 71 90 117 156 168 182 195 201 202 257 276 308 316 325 333 369 374 382 383 423 425 441
86 366 376 440
59 198 201 274 278 279 333 342 349 383 411 432
5 12 19 21 24 32 35 37 42 50 64 65 67 68 73 77 88 92 99 106 107 112 122 128 142 151 158 159 188 192 195 204 208 209 215 217 220 226 232 238 244 245 246 247 254 257 271 273 276 283 287 318 319 323 328 333 337 348 350 353 361 370 371 374 383 384 388 391 392 402 418 420 421 423 428 430 431
